Minimalne odległości [m]0 4148 7085 12889 9538 13581 20016 7180 9638 14610 22428 13944 106334148 0 3295 7192 4136 8158 14616 6479 6210 10397 17337 8945 58357085 3295 0 6086 2340 5933 12714 9835 8378 11281 16376 8734 662512889 7192 6086 0 1941 701 6054 8861 6128 6210 8985 2072 25239538 4136 2340 1941 0 2301 8879 8374 6200 7851 12194 4772 329113581 8158 5933 701 2301 0 4925 10590 7832 7751 8702 3516 418720016 14616 12714 6054 8879 4925 0 15393 12306 9320 4062 5746 87067180 6479 9835 8861 8374 10590 15393 0 1296 6644 16199 8261 53659638 6210 8378 6128 6200 7832 12306 1296 0 4079 13197 5172 258614610 10397 11281 6210 7851 7751 9320 6644 4079 0 8168 3679 390622428 17337 16376 8985 12194 8702 4062 16199 13197 8168 0 6515 1022313944 8945 8734 2072 4772 3516 5746 8261 5172 3679 6515 0 170310633 5835 6625 2523 3291 4187 8706 5365 2586 3906 10223 1703 0 