bla0	102	264	290	50	708102	0	96	160	98	634264	96	0	44	98	538290	160	44	0	86	43050	98	98	86	0	224708	634	538	430	224	0